19488 24 192 258 34 32785 16900 1028 2568 33088 32897 8449 24576 6144 4161 1568
76 40 12417 3 24576 130 1025 16420 2048 36864 4160 8448 1540 2068 144 512
28 1056 10497 10241 129 4354 2560 528 32804 192 16386 76 32800 16396 9216 4352
14 17 33 3585 2 16388 2048 8192 33280 8456 36872 72 17408 640 4128 1280
520 48 32784 65 6 16386 1544 16640 8320 65 53312 4096 3072 33024 1184 9220
292 4 3 16 8200 3073 33792 512 2561 384 96 8480 16384 18448 12288 64
262142 229397 90387 36881 133135 237569 23425 85057 10309 37953 33409 66001 49737 131365 4293 5675 133287 73779
24384 5120 2080 37120 16576 1540 145 80 131081 73761 32803 73733 32779 84480 73745 5128 27136 256
130932 1076 41475 114688 1283 10243 34945 6720 131089 24709 4115 225 124033 4645 201225 4173 20489 16640
73760 4100 32770 32912 8 151553 1280 8 8256 18432 131136 66048 98338 257 66080 4108 22529 1056
40960 64 132112 81920 49732 49280 274 32 65600 6160 4 4608 2560 1 56 49 264 4
2050 131081 528 28930 36 144 8192 16416 98312 4 4096 16385 1032 32840 2184 8448 256 2
262138 8529 73760 132097 73763 20501 143363 33281 196611 5249 33289 61441 2657 18519 75809 3201 147733 65865
1280 131072 8208 2048 32772 2560 20480 197120 1 4256 65537 40 66112 4 32832 16400 5248 130
9216 65568 131216 32832 8260 2 280 65540 16448 12288 1 16384 512 529 2304 131080 130 32772
8194 16385 3200 196608 32864 4240 272 65572 64 4096 163844 49156 544 1 2050 3088 136 1032
2056 20 34 4225 514 8196 17408 163848 86016 4112 131136 32769 131848 65568 320 2176 139520 70784
34832 24 768 2 67 81920 20496 33792 4100 131076 2176 9217 8512 22528 8288 129 32 512
260094 32909 196739 27267 69889 148033 36897 198671 152081 297 75777 132232 8529 37897 297 8259 1173 2469
262142 16909 13827 32899 19457 163841 135937 133129 67649 16455 32789 78225 18501 67589 102931 17449 26881 225
16416 69636 354 144 264 1029 16388 264 1172 40960 131360 8192 32770 2560 65 4608 131074 66560
131096 768 1032 5 8257 192 4144 288 130 2 4 196608 32832 81936 40960 20480 10240 2049
8456 99060 2050 1 1026 2050 16386 16386 135169 1026 528 36 256 32769 192 8194 131074 65792
80 160 6144 96 1 1034 9 16386 163840 66560 37408 4 1028 65536 128 1280 8704 256
24 192 24 2053 5 4096 2 32770 8704 256 67584 164872 131104 33024 65536 10368 17408 6144
32836 163840 65 4112 160648 1408 65541 48 48 65552 18464 66560 24 32784 1040 8195 2624 18
296960 137472 1152 19584 64 2107392 6160 12 1181698 591872 1048588 875 66 65568 32776 16385 8704 258 1 512 1280 32
4194284 14400 526721 2097185 1024 4169 8227 147461 34821 1097729 65553 4359 2083 1114179 641 1180417 795649 557185 2162689 196613 41473 262153
68 8464 513 32832 32770 384 8201 24608 34 4100 6144 17408 9728 4290 2176 24
2240 1032 168 6 416 1044 513 4117 32784 16448 34 36865 10368 20480 8704 2304
4368 644 6146 10320 649 6208 16424 2322 641 274 16384 172 37 32776 1088 8192
32784 24704 9280 144 9 2112 36 10 17408 12288 260 32800 512 33286 258 10241
4120 2052 10 69 32769 1024 16392 10752 14848 16768 8224 386 33025 1408 576 4112
72 8208 4256 4097 32770 34820 32769 260 128 3072 16896 4640 2060 2 1024 112
8196 10304 1089 4128 32832 1032 4118 4352 640 256 36 16386 200 3 2048 16
3072 20488 8 6 49152 4224 17664 544 8256 4224 65 1 546 256 82 16
8226 35073 192 17408 35328 35073 772 4100 16482 80 2056 1074 32896 1 264 4146
48928 10368 2688 9216 4864 57345 33024 774 209 149 6153 1031 17425 43 36896 16481
336 45056 4224 256 16385 34816 12289 4 9 24576 2048 1056 70 578 528 34
162 8193 1056 34816 33280 261 16512 4161 544 272 4 8 16512 2 4160 24
16386 5 32778 20 40 80 32928 320 640 34048 2560 5120 10240 20480 40961 16964
32768 8196 10 20 16424 80 160 320 640 1280 18944 5120 10240 20482 42000 16385
32802 69 10 20 40 81 8354 4416 640 1280 2560 5120 10368 20544 40960 16385
32898 69 138 20 40 80 162 325 8832 1280 2560 5120 10240 20736 40960 16385
32834 5 10 20 2088 5200 161 320 640 1280 2592 5136 10272 20480 40960 16385
33282 5 10 16404 32808 80 160 320 640 1281 35328 5120 10240 20480 40968 17425
32802 5 10 20 32808 16465 1184 320 640 1280 2624 5120 10240 20480 40992 16401
32770 4101 8202 20 40 80 8352 16704 640 1280 2560 5120 10242 20548 41088 16385
32770 5 10 20 16424 80 8224 33024 640 17664 2560 5120 10240 20544 41488 16513
34818 5 10 20 40 32848 16544 33088 640 1280 2560 5121 10240 20480 41024 16545
