<<<<<<< HEAD
[[0, 0, 0, 0, 0, 1, 0, 0, 0, 1, 0, 1, 0, 0],
 [0, 0, 1, 1, 0, 0, 0, 0, 0, 0, 0, 0, 0, 0],
 [0, 1, 0, 0, 0, 0, 1, 0, 0, 0, 0, 0, 0, 0],
 [0, 1, 0, 0, 1, 0, 0, 1, 0, 0, 0, 0, 0, 0],
 [0, 0, 0, 1, 0, 1, 0, 0, 0, 0, 0, 0, 1, 1],
 [1, 0, 0, 0, 1, 0, 0, 0, 0, 0, 1, 0, 0, 0],
 [0, 0, 1, 0, 0, 0, 0, 0, 0, 0, 0, 0, 0, 1],
 [0, 0, 0, 1, 0, 0, 0, 0, 0, 0, 0, 0, 1, 1],
 [0, 0, 0, 0, 0, 0, 0, 0, 0, 0, 1, 0, 1, 0],
 [1, 0, 0, 0, 0, 0, 0, 0, 0, 0, 0, 1, 0, 0],
 [0, 0, 0, 0, 0, 1, 0, 0, 1, 0, 0, 0, 0, 0],
 [1, 0, 0, 0, 0, 0, 0, 0, 0, 1, 0, 0, 0, 0],
 [0, 0, 0, 0, 1, 0, 0, 1, 1, 0, 0, 0, 0, 0],
 [0, 0, 0, 0, 1, 0, 1, 1, 0, 0, 0, 0, 0, 0]]
=======
[[0, 0, 0, 1, 0, 0, 1, 0, 0, 0, 0, 0, 0, 0],
 [0, 0, 1, 0, 0, 0, 0, 1, 0, 0, 0, 0, 0, 0],
 [0, 1, 0, 0, 1, 0, 0, 0, 0, 0, 0, 0, 0, 0],
 [1, 0, 0, 0, 0, 0, 0, 0, 1, 0, 0, 0, 1, 0],
 [0, 0, 1, 0, 0, 0, 0, 0, 0, 0, 1, 0, 0, 0],
 [0, 0, 0, 0, 0, 0, 0, 0, 0, 0, 0, 1, 0, 1],
 [1, 0, 0, 0, 0, 0, 0, 0, 0, 1, 0, 0, 0, 0],
 [0, 1, 0, 0, 0, 0, 0, 0, 0, 0, 0, 1, 1, 0],
 [0, 0, 0, 1, 0, 0, 0, 0, 0, 0, 1, 0, 0, 1],
 [0, 0, 0, 0, 0, 0, 1, 0, 0, 0, 0, 0, 0, 0],
 [0, 0, 0, 0, 1, 0, 0, 0, 1, 0, 0, 0, 1, 0],
 [0, 0, 0, 0, 0, 1, 0, 1, 0, 0, 0, 0, 0, 0],
 [0, 0, 0, 1, 0, 0, 0, 1, 0, 0, 1, 0, 0, 1],
 [0, 0, 0, 0, 0, 1, 0, 0, 1, 0, 0, 0, 1, 0]]
>>>>>>> 5a0c87eb2500c2f748e56537f0214c35376fd1c9
